s	v
-1901	10101.07
-1801	10101.043
-1701	10101.07
-1601	10106.094
-1501	10143
-1401	10168
-1301	10200
-1201	10206.3
-1101	10226
-1001	10239.9999
-901	10255.07
-801	10260.2
-701	10268.5
-601	10275
-501	10282.85
-401	10291.27
-301	10294
-201	10299.02
-101	10301.38
-1	10313.8
1	10313.1999
101	10327.1499
201	10330.7999
301	10332.8699
401	10338.4699
501	10344.2999
601	10347.24
701	10353.4699
801	10360.5999
901	10368.5599
1001	10381.9299
1101	10391.0679
1201	10402.0299
1301	10414.9999
1401	10426.2999
1501	10449.9999
1601	10463.678
1701	10463.3699
1801	10463.557
1901	10463.678
